50 50
top 109 26 112 127 109 53 86 130 20 150 79 146 54 114 23 103 144 46 129 58 135 40 154 100 22 107 131 10 70 147 62 120 69 23 26 149 42 114 132 76 16 151 65 53 68 134 71 63 117 160 
bottom 156 38 44 99 55 108 117 6 76 109 61 127 121 46 30 75 43 106 153 5 61 44 99 2 112 120 144 156 120 121 138 50 104 57 93 0 111 0 119 62 128 31 106 48 7 23 101 81 107 91 
left 70 2 44 93 61 56 47 53 42 86 45 80 120 32 91 22 129 95 155 56 100 17 14 18 88 70 64 67 94 71 30 126 96 118 140 142 128 90 22 130 34 83 8 45 116 81 55 65 140 130 
right 23 2 158 103 82 151 9 64 9 19 153 134 85 100 19 51 1 46 38 15 38 157 5 102 36 105 31 6 133 104 41 143 63 123 136 142 82 36 143 140 136 17 52 38 57 36 47 56 119 104 
00x00 109 49 69 70
01x00 26 113 19 49
02x00 112 138 70 113
03x00 127 1 79 138
04x00 109 60 41 1
05x00 53 16 23 60
06x00 86 20 83 16
07x00 130 138 50 20
08x00 20 159 77 138
09x00 150 103 25 159
10x00 79 52 114 103
11x00 146 4 66 52
12x00 54 10 83 4
13x00 114 119 84 10
14x00 23 52 24 119
15x00 103 138 40 52
16x00 144 147 60 138
17x00 46 7 37 147
18x00 129 36 75 7
19x00 58 155 18 36
20x00 135 140 110 155
21x00 40 34 114 140
22x00 154 148 124 34
23x00 100 50 123 148
24x00 22 153 14 50
25x00 107 15 31 153
26x00 131 101 18 15
27x00 10 70 65 101
28x00 70 128 101 70
29x00 147 143 95 128
30x00 62 22 75 143
31x00 120 15 149 22
32x00 69 155 136 15
33x00 23 17 25 155
34x00 26 124 58 17
35x00 149 134 113 124
36x00 42 144 54 134
37x00 114 93 3 144
38x00 132 119 131 93
39x00 76 20 153 119
40x00 16 19 14 20
41x00 151 89 70 19
42x00 65 152 64 89
43x00 53 57 81 152
44x00 68 46 84 57
45x00 134 88 57 46
46x00 71 81 80 88
47x00 63 52 52 81
48x00 117 128 11 52
49x00 160 23 71 128
00x01 69 14 91 2
01x01 19 17 119 14
02x01 70 59 127 17
03x01 79 30 160 59
04x01 41 147 152 30
05x01 23 12 32 147
06x01 83 115 83 12
07x01 50 0 52 115
08x01 77 26 81 0
09x01 25 11 22 26
10x01 114 13 64 11
11x01 66 22 20 13
12x01 83 84 25 22
13x01 84 34 98 84
14x01 24 156 51 34
15x01 40 96 54 156
16x01 60 17 148 96
17x01 37 23 88 17
18x01 75 27 10 23
19x01 18 79 39 27
20x01 110 82 73 79
21x01 114 2 122 82
22x01 124 125 28 2
23x01 123 83 137 125
24x01 14 80 72 83
25x01 31 156 34 80
26x01 18 104 79 156
27x01 65 59 139 104
28x01 101 69 32 59
29x01 95 28 87 69
30x01 75 19 52 28
31x01 149 54 46 19
32x01 136 62 12 54
33x01 25 126 23 62
34x01 58 85 128 126
35x01 113 146 90 85
36x01 54 66 45 146
37x01 3 43 146 66
38x01 131 158 78 43
39x01 153 37 118 158
40x01 14 119 93 37
41x01 70 125 81 119
42x01 64 155 24 125
43x01 81 133 48 155
44x01 84 110 74 133
45x01 57 60 75 110
46x01 80 97 24 60
47x01 52 82 122 97
48x01 11 69 59 82
49x01 71 2 112 69
00x02 91 160 70 44
01x02 119 103 140 160
02x02 127 107 61 103
03x02 160 99 79 107
04x02 152 153 6 99
05x02 32 84 113 153
06x02 83 85 88 84
07x02 52 97 38 85
08x02 81 15 51 97
09x02 22 134 137 15
10x02 64 45 91 134
11x02 20 46 104 45
12x02 25 133 37 46
13x02 98 28 11 133
14x02 51 107 131 28
15x02 54 151 93 107
16x02 148 71 129 151
17x02 88 12 104 71
18x02 10 135 136 12
19x02 39 56 14 135
20x02 73 123 21 56
21x02 122 142 99 123
22x02 28 59 8 142
23x02 137 151 74 59
24x02 72 100 4 151
25x02 34 91 145 100
26x02 79 135 16 91
27x02 139 128 107 135
28x02 32 93 156 128
29x02 87 118 80 93
30x02 52 6 148 118
31x02 46 12 77 6
32x02 12 117 64 12
33x02 23 39 117 117
34x02 128 25 1 39
35x02 90 138 6 25
36x02 45 141 36 138
37x02 146 55 131 141
38x02 78 151 34 55
39x02 118 14 121 151
40x02 93 18 149 14
41x02 81 137 25 18
42x02 24 135 69 137
43x02 48 21 92 135
44x02 74 80 41 21
45x02 75 144 76 80
46x02 24 145 84 144
47x02 122 40 111 145
48x02 59 65 17 40
49x02 112 158 45 65
00x03 70 52 56 93
01x03 140 123 86 52
02x03 61 70 83 123
03x03 79 144 99 70
04x03 6 73 48 144
05x03 113 69 45 73
06x03 88 76 136 69
07x03 38 125 117 76
08x03 51 160 40 125
09x03 137 102 83 160
10x03 91 126 5 102
11x03 104 2 77 126
12x03 37 114 156 2
13x03 11 152 5 114
14x03 131 51 115 152
15x03 93 131 0 51
16x03 129 77 114 131
17x03 104 139 16 77
18x03 136 1 92 139
19x03 14 104 111 1
20x03 21 137 19 104
21x03 99 126 141 137
22x03 8 16 125 126
23x03 74 60 158 16
24x03 4 87 65 60
25x03 145 2 129 87
26x03 16 21 112 2
27x03 107 27 135 21
28x03 156 147 19 27
29x03 80 140 77 147
30x03 148 13 110 140
31x03 77 118 130 13
32x03 64 103 96 118
33x03 117 67 129 103
34x03 1 95 43 67
35x03 6 149 60 95
36x03 36 63 4 149
37x03 131 65 123 63
38x03 34 41 31 65
39x03 121 28 83 41
40x03 149 0 49 28
41x03 25 34 27 0
42x03 69 24 61 34
43x03 92 86 43 24
44x03 41 138 99 86
45x03 76 33 95 138
46x03 84 109 136 33
47x03 111 71 134 109
48x03 17 120 138 71
49x03 45 103 54 120
00x04 56 91 155 61
01x04 86 124 135 91
02x04 83 15 130 124
03x04 99 130 123 15
04x04 48 11 37 130
05x04 45 147 72 11
06x04 136 123 70 147
07x04 117 90 102 123
08x04 40 103 24 90
09x04 83 50 118 103
10x04 5 135 23 50
11x04 77 78 113 135
12x04 156 5 11 78
13x04 5 53 136 5
14x04 115 45 16 53
15x04 0 110 144 45
16x04 114 22 4 110
17x04 16 114 56 22
18x04 92 142 123 114
19x04 111 19 33 142
20x04 19 160 45 19
21x04 141 105 2 160
22x04 125 155 74 105
23x04 158 144 97 155
24x04 65 139 33 144
25x04 129 95 113 139
26x04 112 96 12 95
27x04 135 65 142 96
28x04 19 63 118 65
29x04 77 117 149 63
30x04 110 14 67 117
31x04 130 132 36 14
32x04 96 111 125 132
33x04 129 133 93 111
34x04 43 88 152 133
35x04 60 126 127 88
36x04 4 76 110 126
37x04 123 8 71 76
38x04 31 24 152 8
39x04 83 47 2 24
40x04 49 24 142 47
41x04 27 115 0 24
42x04 61 33 60 115
43x04 43 57 98 33
44x04 99 125 111 57
45x04 95 101 160 125
46x04 136 128 68 101
47x04 134 30 93 128
48x04 138 34 146 30
49x04 54 82 83 34
00x05 155 146 74 56
01x05 135 144 148 146
02x05 130 139 125 144
03x05 123 143 139 139
04x05 37 159 82 143
05x05 72 18 137 159
06x05 70 139 130 18
07x05 102 61 114 139
08x05 24 36 56 61
09x05 118 54 75 36
10x05 23 63 122 54
11x05 113 105 35 63
12x05 11 36 130 105
13x05 136 117 119 36
14x05 16 32 49 117
15x05 144 13 152 32
16x05 4 73 67 13
17x05 56 25 132 73
18x05 123 44 3 25
19x05 33 40 51 44
20x05 45 53 75 40
21x05 2 17 129 53
22x05 74 84 134 17
23x05 97 127 150 84
24x05 33 38 86 127
25x05 113 89 52 38
26x05 12 143 30 89
27x05 142 64 8 143
28x05 118 1 148 64
29x05 149 51 142 1
30x05 67 37 11 51
31x05 36 154 32 37
32x05 125 82 50 154
33x05 93 40 5 82
34x05 152 23 6 40
35x05 127 35 140 23
36x05 110 44 73 35
37x05 71 4 21 44
38x05 152 130 148 4
39x05 2 35 92 130
40x05 142 113 31 35
41x05 0 14 29 113
42x05 60 82 33 14
43x05 98 36 115 82
44x05 111 105 158 36
45x05 160 4 145 105
46x05 68 3 27 4
47x05 93 151 38 3
48x05 146 46 74 151
49x05 83 151 151 46
00x06 74 156 12 47
01x06 148 56 143 156
02x06 125 103 129 56
03x06 139 57 75 103
04x06 82 28 22 57
05x06 137 67 59 28
06x06 130 76 97 67
07x06 114 141 109 76
08x06 56 133 135 141
09x06 75 53 131 133
10x06 122 139 37 53
11x06 35 13 45 139
12x06 130 67 91 13
13x06 119 132 21 67
14x06 49 68 76 132
15x06 152 13 3 68
16x06 67 98 157 13
17x06 132 71 39 98
18x06 3 98 133 71
19x06 51 114 118 98
20x06 75 82 87 114
21x06 129 132 14 82
22x06 134 57 110 132
23x06 150 34 38 57
24x06 86 59 121 34
25x06 52 128 6 59
26x06 30 77 20 128
27x06 8 9 54 77
28x06 148 16 20 9
29x06 142 89 127 16
30x06 11 59 146 89
31x06 32 145 36 59
32x06 50 158 98 145
33x06 5 33 79 158
34x06 6 24 4 33
35x06 140 134 121 24
36x06 73 114 65 134
37x06 21 70 149 114
38x06 148 103 110 70
39x06 92 33 2 103
40x06 31 71 0 33
41x06 29 8 27 71
42x06 33 61 58 8
43x06 115 81 77 61
44x06 158 84 138 81
45x06 145 45 47 84
46x06 27 51 124 45
47x06 38 28 20 51
48x06 74 73 11 28
49x06 151 9 106 73
00x07 12 80 147 53
01x07 143 101 107 80
02x07 129 47 159 101
03x07 75 68 124 47
04x07 22 77 77 68
05x07 59 87 94 77
06x07 97 112 34 87
07x07 109 80 33 112
08x07 135 134 69 80
09x07 131 125 98 134
10x07 37 18 9 125
11x07 45 5 38 18
12x07 91 82 56 5
13x07 21 48 67 82
14x07 76 149 7 48
15x07 3 53 90 149
16x07 157 155 100 53
17x07 39 104 84 155
18x07 133 139 30 104
19x07 118 113 24 139
20x07 87 77 127 113
21x07 14 150 11 77
22x07 110 45 77 150
23x07 38 79 73 45
24x07 121 84 132 79
25x07 6 2 78 84
26x07 20 112 10 2
27x07 54 19 55 112
28x07 20 94 159 19
29x07 127 85 152 94
30x07 146 128 29 85
31x07 36 35 121 128
32x07 98 53 112 35
33x07 79 127 146 53
34x07 4 154 70 127
35x07 121 97 43 154
36x07 65 98 126 97
37x07 149 95 22 98
38x07 110 42 13 95
39x07 2 96 5 42
40x07 0 124 136 96
41x07 27 148 143 124
42x07 58 113 28 148
43x07 77 24 148 113
44x07 138 28 118 24
45x07 47 139 155 28
46x07 124 103 132 139
47x07 20 55 41 103
48x07 11 84 150 55
49x07 106 64 5 84
00x08 147 39 11 42
01x08 107 106 16 39
02x08 159 4 36 106
03x08 124 57 26 4
04x08 77 153 48 57
05x08 94 123 26 153
06x08 34 30 95 123
07x08 33 9 110 30
08x08 69 29 50 9
09x08 98 154 39 29
10x08 9 100 32 154
11x08 38 49 104 100
12x08 56 6 93 49
13x08 67 19 38 6
14x08 7 98 76 19
15x08 90 64 95 98
16x08 100 80 155 64
17x08 84 102 84 80
18x08 30 142 70 102
19x08 24 93 121 142
20x08 127 103 62 93
21x08 11 46 31 103
22x08 77 124 65 46
23x08 73 141 74 124
24x08 132 35 61 141
25x08 78 108 114 35
26x08 10 12 30 108
27x08 55 74 30 12
28x08 159 22 130 74
29x08 152 16 124 22
30x08 29 53 93 16
31x08 121 3 111 53
32x08 112 16 58 3
33x08 146 120 143 16
34x08 70 15 155 120
35x08 43 83 124 15
36x08 126 148 136 83
37x08 22 5 55 148
38x08 13 70 61 5
39x08 5 58 124 70
40x08 136 155 75 58
41x08 143 78 37 155
42x08 28 65 153 78
43x08 148 62 78 65
44x08 118 154 118 62
45x08 155 15 126 154
46x08 132 137 17 15
47x08 41 67 136 137
48x08 150 39 83 67
49x08 5 9 2 39
00x09 11 159 137 86
01x09 16 22 93 159
02x09 36 47 123 22
03x09 26 151 50 47
04x09 48 157 105 151
05x09 26 128 33 157
06x09 95 10 160 128
07x09 110 135 128 10
08x09 50 132 120 135
09x09 39 24 38 132
10x09 32 83 71 24
11x09 104 41 113 83
12x09 93 0 37 41
13x09 38 111 67 0
14x09 76 46 85 111
15x09 95 34 79 46
16x09 155 17 56 34
17x09 84 116 4 17
18x09 70 135 60 116
19x09 121 127 139 135
20x09 62 92 119 127
21x09 31 26 109 92
22x09 65 149 50 26
23x09 74 26 71 149
24x09 61 0 67 26
25x09 114 23 0 0
26x09 30 145 121 23
27x09 30 7 95 145
28x09 130 27 53 7
29x09 124 19 102 27
30x09 93 158 7 19
31x09 111 81 12 158
32x09 58 67 88 81
33x09 143 145 34 67
34x09 155 66 76 145
35x09 124 32 92 66
36x09 136 64 21 32
37x09 55 21 131 64
38x09 61 61 61 21
39x09 124 156 108 61
40x09 75 156 22 156
41x09 37 124 52 156
42x09 153 10 1 124
43x09 78 99 131 10
44x09 118 58 37 99
45x09 126 80 125 58
46x09 17 96 57 80
47x09 136 27 145 96
48x09 83 18 144 27
49x09 2 19 80 18
00x10 137 108 14 45
01x10 93 80 40 108
02x10 123 139 156 80
03x10 50 134 145 139
04x10 105 94 10 134
05x10 33 104 98 94
06x10 160 2 56 104
07x10 128 108 151 2
08x10 120 9 150 108
09x10 38 151 129 9
10x10 71 35 114 151
11x10 113 121 144 35
12x10 37 129 40 121
13x10 67 23 33 129
14x10 85 121 41 23
15x10 79 26 1 121
16x10 56 144 9 26
17x10 4 99 25 144
18x10 60 105 133 99
19x10 139 145 51 105
20x10 119 119 15 145
21x10 109 59 95 119
22x10 50 59 20 59
23x10 71 61 135 59
24x10 67 32 127 61
25x10 0 16 55 32
26x10 121 137 115 16
27x10 95 134 9 137
28x10 53 54 159 134
29x10 102 60 13 54
30x10 7 13 160 60
31x10 12 45 72 13
32x10 88 94 71 45
33x10 34 92 91 94
34x10 76 105 30 92
35x10 92 111 11 105
36x10 21 130 11 111
37x10 131 18 42 130
38x10 61 157 57 18
39x10 108 75 3 157
40x10 22 87 152 75
41x10 52 88 100 87
42x10 1 151 13 88
43x10 131 54 69 151
44x10 37 120 22 54
45x10 125 63 74 120
46x10 57 108 64 63
47x10 145 67 77 108
48x10 144 111 119 67
49x10 80 153 77 111
00x11 14 56 141 80
01x11 40 133 108 56
02x11 156 64 97 133
03x11 145 9 159 64
04x11 10 151 67 9
05x11 98 146 159 151
06x11 56 81 82 146
07x11 151 61 27 81
08x11 150 38 51 61
09x11 129 25 30 38
10x11 114 129 15 25
11x11 144 151 24 129
12x11 40 156 123 151
13x11 33 11 99 156
14x11 41 59 21 11
15x11 1 97 104 59
16x11 9 123 140 97
17x11 25 109 6 123
18x11 133 77 139 109
19x11 51 113 8 77
20x11 15 6 117 113
21x11 95 23 58 6
22x11 20 119 89 23
23x11 135 104 118 119
24x11 127 81 42 104
25x11 55 77 19 81
26x11 115 3 65 77
27x11 9 33 152 3
28x11 159 71 150 33
29x11 13 40 20 71
30x11 160 111 64 40
31x11 72 32 86 111
32x11 71 75 136 32
33x11 91 43 66 75
34x11 30 63 50 43
35x11 11 3 106 63
36x11 11 115 76 3
37x11 42 97 66 115
38x11 57 89 103 97
39x11 3 150 90 89
40x11 152 147 30 150
41x11 100 134 108 147
42x11 13 86 5 134
43x11 69 33 1 86
44x11 22 107 13 33
45x11 74 123 62 107
46x11 64 7 17 123
47x11 77 83 148 7
48x11 119 21 117 83
49x11 77 134 1 21
00x12 141 60 46 120
01x12 108 32 101 60
02x12 97 87 79 32
03x12 159 81 50 87
04x12 67 63 117 81
05x12 159 50 115 63
06x12 82 127 8 50
07x12 27 136 84 127
08x12 51 2 18 136
09x12 30 26 35 2
10x12 15 125 85 26
11x12 24 34 62 125
12x12 123 65 3 34
13x12 99 144 128 65
14x12 21 81 97 144
15x12 104 90 157 81
16x12 140 124 26 90
17x12 6 63 115 124
18x12 139 8 39 63
19x12 8 22 55 8
20x12 117 22 88 22
21x12 58 157 54 22
22x12 89 111 140 157
23x12 118 21 151 111
24x12 42 52 143 21
25x12 19 117 12 52
26x12 65 79 86 117
27x12 152 48 83 79
28x12 150 72 54 48
29x12 20 14 156 72
30x12 64 144 144 14
31x12 86 102 116 144
32x12 136 93 2 102
33x12 66 36 104 93
34x12 50 67 124 36
35x12 106 26 59 67
36x12 76 124 138 26
37x12 66 113 118 124
38x12 103 13 112 113
39x12 90 121 36 13
40x12 30 136 20 121
41x12 108 108 98 136
42x12 5 6 50 108
43x12 1 94 99 6
44x12 13 52 79 94
45x12 62 61 78 52
46x12 17 41 46 61
47x12 148 66 44 41
48x12 117 130 88 66
49x12 1 85 62 130
00x13 46 40 26 32
01x13 101 122 134 40
02x13 79 92 6 122
03x13 50 131 153 92
04x13 117 0 4 131
05x13 115 48 99 0
06x13 8 4 89 48
07x13 84 100 69 4
08x13 18 22 92 100
09x13 35 94 152 22
10x13 85 59 58 94
11x13 62 90 133 59
12x13 3 145 52 90
13x13 128 146 28 145
14x13 97 106 78 146
15x13 157 34 76 106
16x13 26 110 158 34
17x13 115 106 110 110
18x13 39 96 89 106
19x13 55 160 100 96
20x13 88 8 79 160
21x13 54 70 142 8
22x13 140 39 82 70
23x13 151 87 9 39
24x13 143 55 111 87
25x13 12 101 80 55
26x13 86 139 46 101
27x13 83 158 52 139
28x13 54 1 108 158
29x13 156 89 147 1
30x13 144 7 32 89
31x13 116 12 155 7
32x13 2 146 60 12
33x13 104 82 62 146
34x13 124 64 121 82
35x13 59 38 160 64
36x13 138 156 36 38
37x13 118 23 141 156
38x13 112 111 29 23
39x13 36 32 48 111
40x13 20 76 84 32
41x13 98 43 101 76
42x13 50 35 105 43
43x13 99 66 122 35
44x13 79 9 75 66
45x13 78 80 30 9
46x13 46 97 56 80
47x13 44 62 159 97
48x13 88 68 128 62
49x13 62 100 144 68
00x14 26 26 79 91
01x14 134 117 56 26
02x14 6 104 74 117
03x14 153 125 44 104
04x14 4 108 46 125
05x14 99 141 43 108
06x14 89 148 139 141
07x14 69 99 39 148
08x14 92 36 1 99
09x14 152 72 151 36
10x14 58 140 71 72
11x14 133 49 95 140
12x14 52 132 154 49
13x14 28 132 128 132
14x14 78 89 116 132
15x14 76 160 68 89
16x14 158 112 5 160
17x14 110 37 90 112
18x14 89 36 103 37
19x14 100 72 112 36
20x14 79 104 145 72
21x14 142 35 144 104
22x14 82 130 116 35
23x14 9 76 129 130
24x14 111 24 95 76
25x14 80 100 64 24
26x14 46 105 24 100
27x14 52 27 20 105
28x14 108 6 140 27
29x14 147 133 150 6
30x14 32 124 114 133
31x14 155 116 14 124
32x14 60 0 30 116
33x14 62 138 49 0
34x14 121 87 4 138
35x14 160 109 9 87
36x14 36 91 15 109
37x14 141 29 97 91
38x14 29 155 41 29
39x14 48 86 118 155
40x14 84 35 77 86
41x14 101 55 99 35
42x14 105 68 126 55
43x14 122 135 14 68
44x14 75 104 64 135
45x14 30 157 7 104
46x14 56 56 21 157
47x14 159 158 115 56
48x14 128 39 7 158
49x14 144 19 43 39
00x15 79 130 150 22
01x15 56 31 115 130
02x15 74 3 86 31
03x15 44 92 116 3
04x15 46 29 156 92
05x15 43 153 36 29
06x15 139 133 148 153
07x15 39 4 65 133
08x15 1 67 51 4
09x15 151 113 108 67
10x15 71 153 83 113
11x15 95 137 63 153
12x15 154 149 129 137
13x15 128 136 57 149
14x15 116 134 130 136
15x15 68 105 106 134
16x15 5 158 41 105
17x15 90 43 22 158
18x15 103 133 26 43
19x15 112 49 16 133
20x15 145 91 116 49
21x15 144 106 20 91
22x15 116 42 98 106
23x15 129 79 69 42
24x15 95 27 94 79
25x15 64 126 31 27
26x15 24 44 37 126
27x15 20 127 87 44
28x15 140 99 100 127
29x15 150 114 149 99
30x15 114 66 66 114
31x15 14 120 107 66
32x15 30 126 78 120
33x15 49 15 153 126
34x15 4 11 141 15
35x15 9 108 140 11
36x15 15 7 131 108
37x15 97 110 94 7
38x15 41 27 52 110
39x15 118 47 147 27
40x15 77 130 120 47
41x15 99 94 91 130
42x15 126 133 16 94
43x15 14 157 72 133
44x15 64 62 2 157
45x15 7 78 53 62
46x15 21 128 69 78
47x15 115 10 50 128
48x15 7 144 143 10
49x15 43 51 30 144
00x16 150 87 156 129
01x16 115 125 158 87
02x16 86 77 79 125
03x16 116 80 79 77
04x16 156 52 50 80
05x16 36 86 3 52
06x16 148 49 88 86
07x16 65 81 102 49
08x16 51 55 150 81
09x16 108 112 145 55
10x16 83 82 38 112
11x16 63 95 48 82
12x16 129 33 93 95
13x16 57 70 159 33
14x16 130 130 147 70
15x16 106 117 49 130
16x16 41 100 35 117
17x16 22 116 65 100
18x16 26 38 44 116
19x16 16 154 159 38
20x16 116 146 88 154
21x16 20 28 138 146
22x16 98 73 133 28
23x16 69 128 81 73
24x16 94 60 49 128
25x16 31 119 155 60
26x16 37 30 96 119
27x16 87 25 16 30
28x16 100 52 29 25
29x16 149 69 130 52
30x16 66 73 62 69
31x16 107 129 58 73
32x16 78 129 83 129
33x16 153 63 68 129
34x16 141 13 69 63
35x16 140 34 83 13
36x16 131 45 107 34
37x16 94 74 54 45
38x16 52 85 32 74
39x16 147 28 57 85
40x16 120 140 74 28
41x16 91 120 66 140
42x16 16 48 103 120
43x16 72 126 40 48
44x16 2 104 50 126
45x16 53 72 86 104
46x16 69 44 140 72
47x16 50 33 39 44
48x16 143 6 12 33
49x16 30 1 25 6
00x17 156 4 42 95
01x17 158 157 152 4
02x17 79 112 15 157
03x17 79 71 57 112
04x17 50 117 103 71
05x17 3 143 38 117
06x17 88 106 149 143
07x17 102 10 59 106
08x17 150 80 82 10
09x17 145 142 68 80
10x17 38 149 138 142
11x17 48 50 10 149
12x17 93 15 58 50
13x17 159 21 134 15
14x17 147 123 72 21
15x17 49 134 3 123
16x17 35 16 144 134
17x17 65 103 84 16
18x17 44 59 109 103
19x17 159 28 127 59
20x17 88 107 108 28
21x17 138 48 75 107
22x17 133 94 62 48
23x17 81 72 31 94
24x17 49 82 133 72
25x17 155 5 93 82
26x17 96 10 20 5
27x17 16 136 113 10
28x17 29 0 48 136
29x17 130 114 76 0
30x17 62 136 88 114
31x17 58 138 152 136
32x17 83 112 89 138
33x17 68 31 46 112
34x17 69 158 55 31
35x17 83 147 66 158
36x17 107 88 150 147
37x17 54 105 97 88
38x17 32 9 83 105
39x17 57 88 121 9
40x17 74 51 151 88
41x17 66 33 153 51
42x17 103 57 160 33
43x17 40 16 81 57
44x17 50 136 107 16
45x17 86 32 42 136
46x17 140 107 18 32
47x17 39 47 109 107
48x17 12 156 32 47
49x17 25 46 4 156
00x18 42 45 3 155
01x18 152 38 77 45
02x18 15 61 77 38
03x18 57 28 32 61
04x18 103 87 89 28
05x18 38 88 47 87
06x18 149 131 42 88
07x18 59 158 80 131
08x18 82 126 82 158
09x18 68 127 109 126
10x18 138 22 44 127
11x18 10 121 93 22
12x18 58 142 37 121
13x18 134 120 34 142
14x18 72 141 88 120
15x18 3 71 87 141
16x18 144 91 36 71
17x18 84 49 154 91
18x18 109 54 15 49
19x18 127 142 116 54
20x18 108 59 47 142
21x18 75 78 59 59
22x18 62 19 152 78
23x18 31 113 1 19
24x18 133 18 135 113
25x18 93 38 17 18
26x18 20 8 18 38
27x18 113 9 115 8
28x18 48 53 80 9
29x18 76 41 144 53
30x18 88 156 90 41
31x18 152 17 90 156
32x18 89 145 159 17
33x18 46 45 83 145
34x18 55 85 3 45
35x18 66 143 105 85
36x18 150 155 129 143
37x18 97 25 148 155
38x18 83 122 7 25
39x18 121 101 9 122
40x18 151 66 86 101
41x18 153 41 115 66
42x18 160 80 134 41
43x18 81 118 110 80
44x18 107 79 115 118
45x18 42 7 60 79
46x18 18 122 41 7
47x18 109 110 29 122
48x18 32 85 91 110
49x18 4 38 30 85
00x19 3 119 25 56
01x19 77 100 136 119
02x19 77 13 100 100
03x19 32 8 23 13
04x19 89 29 37 8
05x19 47 149 120 29
06x19 42 46 22 149
07x19 80 112 152 46
08x19 82 132 155 112
09x19 109 11 150 132
10x19 44 46 70 11
11x19 93 116 129 46
12x19 37 2 23 116
13x19 34 145 59 2
14x19 88 138 109 145
15x19 87 58 119 138
16x19 36 83 107 58
17x19 154 44 6 83
18x19 15 151 160 44
19x19 116 27 32 151
20x19 47 62 110 27
21x19 59 117 156 62
22x19 152 119 64 117
23x19 1 87 100 119
24x19 135 87 106 87
25x19 17 53 148 87
26x19 18 72 97 53
27x19 115 142 21 72
28x19 80 157 94 142
29x19 144 153 38 157
30x19 90 119 79 153
31x19 90 139 86 119
32x19 159 104 149 139
33x19 83 136 100 104
34x19 3 105 84 136
35x19 105 93 6 105
36x19 129 158 73 93
37x19 148 107 145 158
38x19 7 103 27 107
39x19 9 6 76 103
40x19 86 90 113 6
41x19 115 2 75 90
42x19 134 80 108 2
43x19 110 39 13 80
44x19 115 154 29 39
45x19 60 142 17 154
46x19 41 84 117 142
47x19 29 128 149 84
48x19 91 142 78 128
49x19 30 15 123 142
00x20 25 29 71 100
01x20 136 102 144 29
02x20 100 122 51 102
03x20 23 14 46 122
04x20 37 58 151 14
05x20 120 127 70 58
06x20 22 43 157 127
07x20 152 40 0 43
08x20 155 157 52 40
09x20 150 56 41 157
10x20 70 47 69 56
11x20 129 84 21 47
12x20 23 81 71 84
13x20 59 99 3 81
14x20 109 109 147 99
15x20 119 17 145 109
16x20 107 111 22 17
17x20 6 92 78 111
18x20 160 58 43 92
19x20 32 108 50 58
20x20 110 0 89 108
21x20 156 109 22 0
22x20 64 96 137 109
23x20 100 58 34 96
24x20 106 59 45 58
25x20 148 53 35 59
26x20 97 147 90 53
27x20 21 106 103 147
28x20 94 106 138 106
29x20 38 127 106 106
30x20 79 67 135 127
31x20 86 24 122 67
32x20 149 44 12 24
33x20 100 45 28 44
34x20 84 96 65 45
35x20 6 48 37 96
36x20 73 23 126 48
37x20 145 69 47 23
38x20 27 100 111 69
39x20 76 140 73 100
40x20 113 16 64 140
41x20 75 141 16 16
42x20 108 85 37 141
43x20 13 97 27 85
44x20 29 20 120 97
45x20 17 48 31 20
46x20 117 46 116 48
47x20 149 1 131 46
48x20 78 32 138 1
49x20 123 38 39 32
00x21 71 22 110 17
01x21 144 41 70 22
02x21 51 17 127 41
03x21 46 157 36 17
04x21 151 42 103 157
05x21 70 119 100 42
06x21 157 118 44 119
07x21 0 95 159 118
08x21 52 14 127 95
09x21 41 137 92 14
10x21 69 110 109 137
11x21 21 24 127 110
12x21 71 91 46 24
13x21 3 102 126 91
14x21 147 11 11 102
15x21 145 53 85 11
16x21 22 28 107 53
17x21 78 39 137 28
18x21 43 125 139 39
19x21 50 125 36 125
20x21 89 154 107 125
21x21 22 133 67 154
22x21 137 101 123 133
23x21 34 97 33 101
24x21 45 87 125 97
25x21 35 141 58 87
26x21 90 8 59 141
27x21 103 34 122 8
28x21 138 134 44 34
29x21 106 150 40 134
30x21 135 116 16 150
31x21 122 100 37 116
32x21 12 129 111 100
33x21 28 143 40 129
34x21 65 91 11 143
35x21 37 55 137 91
36x21 126 145 79 55
37x21 47 131 100 145
38x21 111 95 70 131
39x21 73 64 47 95
40x21 64 105 77 64
41x21 16 97 7 105
42x21 37 80 115 97
43x21 27 8 97 80
44x21 120 40 95 8
45x21 31 4 28 40
46x21 116 92 20 4
47x21 131 97 78 92
48x21 138 32 12 97
49x21 39 157 38 32
00x22 110 40 40 14
01x22 70 123 96 40
02x22 127 45 143 123
03x22 36 77 102 45
04x22 103 28 121 77
05x22 100 62 94 28
06x22 44 28 160 62
07x22 159 91 40 28
08x22 127 36 129 91
09x22 92 120 116 36
10x22 109 74 44 120
11x22 127 13 119 74
12x22 46 10 158 13
13x22 126 17 38 10
14x22 11 119 72 17
15x22 85 116 39 119
16x22 107 153 138 116
17x22 137 4 41 153
18x22 139 29 54 4
19x22 36 132 74 29
20x22 107 147 149 132
21x22 67 48 18 147
22x22 123 126 88 48
23x22 33 122 156 126
24x22 125 83 5 122
25x22 58 99 114 83
26x22 59 37 111 99
27x22 122 27 70 37
28x22 44 58 129 27
29x22 40 71 63 58
30x22 16 96 121 71
31x22 37 132 105 96
32x22 111 38 70 132
33x22 40 43 90 38
34x22 11 80 70 43
35x22 137 30 0 80
36x22 79 116 148 30
37x22 100 94 100 116
38x22 70 86 141 94
39x22 47 156 127 86
40x22 77 37 94 156
41x22 7 135 138 37
42x22 115 156 136 135
43x22 97 97 89 156
44x22 95 36 113 97
45x22 28 60 83 36
46x22 20 25 95 60
47x22 78 0 135 25
48x22 12 28 53 0
49x22 38 5 56 28
00x23 40 12 134 18
01x23 96 95 77 12
02x23 143 120 87 95
03x23 102 105 13 120
04x23 121 22 49 105
05x23 94 110 7 22
06x23 160 107 25 110
07x23 40 84 89 107
08x23 129 17 65 84
09x23 116 43 77 17
10x23 44 16 5 43
11x23 119 95 136 16
12x23 158 8 115 95
13x23 38 59 81 8
14x23 72 95 97 59
15x23 39 69 18 95
16x23 138 3 97 69
17x23 41 60 112 3
18x23 54 157 87 60
19x23 74 131 12 157
20x23 149 58 144 131
21x23 18 158 89 58
22x23 88 148 46 158
23x23 156 104 11 148
24x23 5 44 98 104
25x23 114 50 14 44
26x23 111 45 7 50
27x23 70 136 92 45
28x23 129 51 120 136
29x23 63 119 91 51
30x23 121 40 29 119
31x23 105 128 142 40
32x23 70 16 116 128
33x23 90 91 149 16
34x23 70 72 88 91
35x23 0 129 2 72
36x23 148 70 21 129
37x23 100 39 78 70
38x23 141 34 141 39
39x23 127 158 132 34
40x23 94 49 152 158
41x23 138 137 54 49
42x23 136 99 46 137
43x23 89 2 105 99
44x23 113 66 32 2
45x23 83 106 67 66
46x23 95 58 152 106
47x23 135 11 86 58
48x23 53 154 15 11
49x23 56 102 139 154
00x24 134 102 78 88
01x24 77 35 72 102
02x24 87 108 156 35
03x24 13 81 146 108
04x24 49 12 38 81
05x24 7 149 119 12
06x24 25 117 33 149
07x24 89 27 58 117
08x24 65 143 26 27
09x24 77 18 91 143
10x24 5 61 148 18
11x24 136 133 136 61
12x24 115 28 31 133
13x24 81 43 111 28
14x24 97 40 66 43
15x24 18 106 3 40
16x24 97 121 27 106
17x24 112 53 114 121
18x24 87 73 115 53
19x24 12 133 114 73
20x24 144 39 41 133
21x24 89 105 31 39
22x24 46 49 45 105
23x24 11 128 155 49
24x24 98 49 90 128
25x24 14 79 97 49
26x24 7 40 110 79
27x24 92 9 71 40
28x24 120 105 12 9
29x24 91 17 10 105
30x24 29 96 128 17
31x24 142 76 10 96
32x24 116 130 38 76
33x24 149 77 63 130
34x24 88 102 40 77
35x24 2 93 24 102
36x24 21 121 95 93
37x24 78 54 129 121
38x24 141 21 160 54
39x24 132 62 51 21
40x24 152 56 69 62
41x24 54 94 0 56
42x24 46 63 85 94
43x24 105 56 134 63
44x24 32 68 83 56
45x24 67 122 50 68
46x24 152 121 103 122
47x24 86 131 112 121
48x24 15 37 106 131
49x24 139 36 140 37
00x25 78 132 153 70
01x25 72 71 12 132
02x25 156 134 160 71
03x25 146 63 17 134
04x25 38 43 73 63
05x25 119 73 37 43
06x25 33 130 112 73
07x25 58 5 97 130
08x25 26 118 138 5
09x25 91 45 112 118
10x25 148 119 129 45
11x25 136 120 61 119
12x25 31 19 95 120
13x25 111 84 38 19
14x25 66 19 89 84
15x25 3 66 84 19
16x25 27 56 27 66
17x25 114 109 138 56
18x25 115 21 10 109
19x25 114 145 133 21
20x25 41 76 35 145
21x25 31 117 91 76
22x25 45 54 145 117
23x25 155 59 110 54
24x25 90 23 68 59
25x25 97 149 102 23
26x25 110 157 111 149
27x25 71 130 64 157
28x25 12 149 126 130
29x25 10 155 80 149
30x25 128 86 149 155
31x25 10 133 124 86
32x25 38 75 14 133
33x25 63 88 78 75
34x25 40 127 116 88
35x25 24 84 0 127
36x25 95 35 152 84
37x25 129 159 5 35
38x25 160 13 115 159
39x25 51 103 59 13
40x25 69 43 19 103
41x25 0 117 17 43
42x25 85 120 62 117
43x25 134 111 0 120
44x25 83 39 18 111
45x25 50 97 82 39
46x25 103 125 147 97
47x25 112 131 151 125
48x25 106 18 19 131
49x25 140 105 108 18
00x26 153 9 28 64
01x26 12 137 66 9
02x26 160 66 92 137
03x26 17 57 62 66
04x26 73 74 147 57
05x26 37 59 123 74
06x26 112 28 140 59
07x26 97 75 21 28
08x26 138 47 90 75
09x26 112 132 41 47
10x26 129 94 90 132
11x26 61 104 132 94
12x26 95 107 115 104
13x26 38 115 80 107
14x26 89 85 14 115
15x26 84 104 37 85
16x26 27 146 73 104
17x26 138 68 110 146
18x26 10 8 70 68
19x26 133 110 87 8
20x26 35 112 38 110
21x26 91 92 24 112
22x26 145 28 154 92
23x26 110 106 55 28
24x26 68 107 52 106
25x26 102 82 131 107
26x26 111 43 130 82
27x26 64 56 71 43
28x26 126 70 6 56
29x26 80 42 112 70
30x26 149 5 1 42
31x26 124 148 75 5
32x26 14 108 90 148
33x26 78 86 112 108
34x26 116 137 81 86
35x26 0 15 73 137
36x26 152 127 28 15
37x26 5 19 72 127
38x26 115 146 125 19
39x26 59 119 147 146
40x26 19 41 120 119
41x26 17 130 32 41
42x26 62 157 46 130
43x26 0 158 143 157
44x26 18 117 43 158
45x26 82 117 158 117
46x26 147 2 126 117
47x26 151 94 83 2
48x26 19 29 64 94
49x26 108 31 134 29
00x27 28 19 16 67
01x27 66 111 120 19
02x27 92 39 8 111
03x27 62 86 54 39
04x27 147 87 129 86
05x27 123 99 134 87
06x27 140 20 64 99
07x27 21 7 54 20
08x27 90 27 119 7
09x27 41 135 108 27
10x27 90 107 20 135
11x27 132 115 100 107
12x27 115 151 140 115
13x27 80 102 94 151
14x27 14 94 128 102
15x27 37 24 121 94
16x27 73 158 149 24
17x27 110 65 144 158
18x27 70 56 42 65
19x27 87 13 48 56
20x27 38 123 50 13
21x27 24 155 145 123
22x27 154 156 88 155
23x27 55 152 59 156
24x27 52 49 78 152
25x27 131 58 145 49
26x27 130 41 24 58
27x27 71 146 156 41
28x27 6 10 100 146
29x27 112 159 42 10
30x27 1 91 19 159
31x27 75 70 60 91
32x27 90 68 23 70
33x27 112 37 92 68
34x27 81 47 51 37
35x27 73 19 150 47
36x27 28 5 127 19
37x27 72 12 42 5
38x27 125 75 137 12
39x27 147 135 44 75
40x27 120 144 88 135
41x27 32 120 24 144
42x27 46 23 122 120
43x27 143 107 151 23
44x27 43 21 34 107
45x27 158 75 105 21
46x27 126 51 89 75
47x27 83 31 66 51
48x27 64 137 73 31
49x27 134 6 36 137
00x28 16 42 127 94
01x28 120 84 41 42
02x28 8 17 155 84
03x28 54 14 31 17
04x28 129 141 141 14
05x28 134 21 101 141
06x28 64 98 7 21
07x28 54 126 84 98
08x28 119 86 78 126
09x28 108 8 75 86
10x28 20 26 150 8
11x28 100 55 110 26
12x28 140 93 117 55
13x28 94 124 55 93
14x28 128 57 57 124
15x28 121 68 135 57
16x28 149 147 131 68
17x28 144 129 105 147
18x28 42 20 23 129
19x28 48 79 155 20
20x28 50 152 93 79
21x28 145 102 46 152
22x28 88 101 49 102
23x28 59 29 109 101
24x28 78 68 87 29
25x28 145 42 62 68
26x28 24 116 50 42
27x28 156 112 42 116
28x28 100 70 141 112
29x28 42 17 12 70
30x28 19 123 95 17
31x28 60 32 36 123
32x28 23 118 140 32
33x28 92 3 149 118
34x28 51 123 48 3
35x28 150 88 27 123
36x28 127 118 26 88
37x28 42 38 103 118
38x28 137 141 6 38
39x28 44 133 2 141
40x28 88 119 130 133
41x28 24 81 93 119
42x28 122 146 39 81
43x28 151 159 87 146
44x28 34 59 16 159
45x28 105 45 30 59
46x28 89 94 63 45
47x28 66 46 78 94
48x28 73 61 45 46
49x28 36 133 80 61
00x29 127 2 46 71
01x29 41 38 73 2
02x29 155 96 67 38
03x29 31 150 99 96
04x29 141 154 28 150
05x29 101 51 152 154
06x29 7 101 72 51
07x29 84 123 36 101
08x29 78 139 11 123
09x29 75 150 79 139
10x29 150 78 137 150
11x29 110 99 17 78
12x29 117 15 10 99
13x29 55 1 158 15
14x29 57 138 124 1
15x29 135 73 156 138
16x29 131 87 3 73
17x29 105 14 10 87
18x29 23 26 112 14
19x29 155 102 8 26
20x29 93 133 85 102
21x29 46 57 155 133
22x29 49 147 3 57
23x29 109 78 22 147
24x29 87 147 91 78
25x29 62 26 92 147
26x29 50 74 38 26
27x29 42 64 114 74
28x29 141 63 112 64
29x29 12 44 117 63
30x29 95 15 16 44
31x29 36 85 130 15
32x29 140 135 126 85
33x29 149 91 156 135
34x29 48 4 55 91
35x29 27 28 6 4
36x29 26 60 18 28
37x29 103 82 44 60
38x29 6 138 19 82
39x29 2 143 81 138
40x29 130 97 128 143
41x29 93 10 45 97
42x29 39 75 85 10
43x29 87 46 99 75
44x29 16 72 114 46
45x29 30 45 15 72
46x29 63 60 153 45
47x29 78 7 108 60
48x29 45 66 47 7
49x29 80 104 23 66
00x30 46 121 39 30
01x30 73 92 5 121
02x30 67 99 155 92
03x30 99 85 30 99
04x30 28 129 114 85
05x30 152 69 89 129
06x30 72 47 150 69
07x30 36 110 25 47
08x30 11 23 72 110
09x30 79 4 25 23
10x30 137 147 130 4
11x30 17 91 34 147
12x30 10 106 24 91
13x30 158 152 120 106
14x30 124 63 48 152
15x30 156 95 100 63
16x30 3 39 92 95
17x30 10 122 145 39
18x30 112 156 1 122
19x30 8 91 33 156
20x30 85 76 109 91
21x30 155 37 42 76
22x30 3 38 8 37
23x30 22 96 21 38
24x30 91 157 23 96
25x30 92 88 97 157
26x30 38 143 154 88
27x30 114 8 6 143
28x30 112 140 42 8
29x30 117 155 104 140
30x30 16 153 115 155
31x30 130 17 102 153
32x30 126 83 98 17
33x30 156 44 31 83
34x30 55 129 52 44
35x30 6 29 123 129
36x30 18 157 48 29
37x30 44 153 134 157
38x30 19 64 53 153
39x30 81 44 121 64
40x30 128 34 93 44
41x30 45 60 139 34
42x30 85 82 82 60
43x30 99 33 77 82
44x30 114 42 60 33
45x30 15 87 103 42
46x30 153 8 36 87
47x30 108 0 60 8
48x30 47 40 100 0
49x30 23 41 94 40
00x31 39 160 131 126
01x31 5 52 45 160
02x31 155 123 112 52
03x31 30 86 86 123
04x31 114 40 150 86
05x31 89 8 10 40
06x31 150 9 11 8
07x31 25 0 116 9
08x31 72 81 126 0
09x31 25 39 140 81
10x31 130 96 75 39
11x31 34 81 19 96
12x31 24 65 1 81
13x31 120 148 93 65
14x31 48 0 93 148
15x31 100 97 159 0
16x31 92 42 25 97
17x31 145 27 15 42
18x31 1 48 119 27
19x31 33 12 71 48
20x31 109 94 11 12
21x31 42 159 15 94
22x31 8 30 49 159
23x31 21 124 89 30
24x31 23 102 160 124
25x31 97 39 61 102
26x31 154 59 48 39
27x31 6 28 94 59
28x31 42 157 114 28
29x31 104 159 25 157
30x31 115 150 61 159
31x31 102 66 39 150
32x31 98 32 95 66
33x31 31 61 132 32
34x31 52 126 124 61
35x31 123 33 74 126
36x31 48 94 118 33
37x31 134 33 126 94
38x31 53 11 154 33
39x31 121 17 99 11
40x31 93 109 48 17
41x31 139 150 54 109
42x31 82 75 59 150
43x31 77 53 149 75
44x31 60 1 54 53
45x31 103 30 121 1
46x31 36 2 55 30
47x31 60 106 48 2
48x31 100 13 122 106
49x31 94 143 129 13
00x32 131 62 102 96
01x32 45 50 151 62
02x32 112 102 67 50
03x32 86 21 57 102
04x32 150 146 14 21
05x32 10 120 88 146
06x32 11 2 61 120
07x32 116 5 119 2
08x32 126 1 68 5
09x32 140 25 45 1
10x32 75 11 47 25
11x32 19 101 142 11
12x32 1 150 100 101
13x32 93 125 110 150
14x32 93 142 85 125
15x32 159 131 83 142
16x32 25 111 117 131
17x32 15 102 33 111
18x32 119 11 147 102
19x32 71 52 136 11
20x32 11 63 24 52
21x32 15 20 101 63
22x32 49 29 75 20
23x32 89 135 114 29
24x32 160 139 76 135
25x32 61 80 43 139
26x32 48 63 43 80
27x32 94 2 49 63
28x32 114 104 39 2
29x32 25 38 37 104
30x32 61 109 37 38
31x32 39 66 151 109
32x32 95 92 49 66
33x32 132 31 8 92
34x32 124 14 51 31
35x32 74 89 68 14
36x32 118 63 134 89
37x32 126 26 68 63
38x32 154 113 122 26
39x32 99 61 123 113
40x32 48 64 48 61
41x32 54 17 128 64
42x32 59 118 114 17
43x32 149 33 145 118
44x32 54 62 46 33
45x32 121 85 142 62
46x32 55 156 28 85
47x32 48 15 111 156
48x32 122 18 132 15
49x32 129 63 81 18
00x33 102 99 158 118
01x33 151 18 80 99
02x33 67 29 3 18
03x33 57 74 8 29
04x33 14 39 108 74
05x33 88 28 0 39
06x33 61 35 143 28
07x33 119 137 29 35
08x33 68 141 103 137
09x33 45 115 9 141
10x33 47 151 97 115
11x33 142 82 154 151
12x33 100 71 69 82
13x33 110 138 80 71
14x33 85 69 92 138
15x33 83 130 19 69
16x33 117 109 86 130
17x33 33 28 144 109
18x33 147 116 72 28
19x33 136 67 115 116
20x33 24 117 36 67
21x33 101 32 105 117
22x33 75 120 91 32
23x33 114 27 26 120
24x33 76 89 63 27
25x33 43 1 44 89
26x33 43 124 157 1
27x33 49 58 65 124
28x33 39 87 53 58
29x33 37 25 122 87
30x33 37 31 96 25
31x33 151 59 26 31
32x33 49 136 22 59
33x33 8 121 149 136
34x33 51 74 107 121
35x33 68 151 20 74
36x33 134 143 17 151
37x33 68 159 51 143
38x33 122 158 57 159
39x33 123 27 61 158
40x33 48 77 42 27
41x33 128 63 6 77
42x33 114 132 66 63
43x33 145 56 105 132
44x33 46 15 3 56
45x33 142 25 14 15
46x33 28 111 52 25
47x33 111 135 70 111
48x33 132 130 91 135
49x33 81 123 106 130
00x34 158 27 160 140
01x34 80 111 126 27
02x34 3 78 16 111
03x34 8 47 105 78
04x34 108 37 22 47
05x34 0 41 134 37
06x34 143 143 115 41
07x34 29 120 36 143
08x34 103 31 100 120
09x34 9 119 99 31
10x34 97 10 33 119
11x34 154 98 88 10
12x34 69 52 160 98
13x34 80 130 109 52
14x34 92 102 110 130
15x34 19 105 60 102
16x34 86 134 25 105
17x34 144 57 96 134
18x34 72 134 148 57
19x34 115 13 131 134
20x34 36 148 89 13
21x34 105 73 153 148
22x34 91 95 29 73
23x34 26 63 109 95
24x34 63 56 76 63
25x34 44 5 106 56
26x34 157 6 34 5
27x34 65 2 4 6
28x34 53 146 123 2
29x34 122 73 118 146
30x34 96 72 37 73
31x34 26 23 49 72
32x34 22 50 7 23
33x34 149 122 38 50
34x34 107 97 61 122
35x34 20 154 35 97
36x34 17 103 55 154
37x34 51 121 88 103
38x34 57 126 136 121
39x34 61 53 124 126
40x34 42 158 30 53
41x34 6 131 139 158
42x34 66 146 121 131
43x34 105 103 89 146
44x34 3 30 128 103
45x34 14 131 53 30
46x34 52 48 97 131
47x34 70 46 111 48
48x34 91 114 150 46
49x34 106 136 54 114
00x35 160 85 87 142
01x35 126 100 156 85
02x35 16 158 53 100
03x35 105 81 76 158
04x35 22 90 104 81
05x35 134 78 11 90
06x35 115 33 20 78
07x35 36 142 29 33
08x35 100 135 129 142
09x35 99 72 3 135
10x35 33 58 29 72
11x35 88 15 91 58
12x35 160 89 37 15
13x35 109 114 108 89
14x35 110 51 62 114
15x35 60 122 93 51
16x35 25 24 75 122
17x35 96 76 22 24
18x35 148 77 29 76
19x35 131 152 85 77
20x35 89 93 77 152
21x35 153 44 40 93
22x35 29 65 107 44
23x35 109 73 152 65
24x35 76 30 16 73
25x35 106 125 114 30
26x35 34 56 65 125
27x35 4 26 98 56
28x35 123 138 96 26
29x35 118 82 108 138
30x35 37 67 131 82
31x35 49 31 140 67
32x35 7 119 4 31
33x35 38 118 60 119
34x35 61 149 123 118
35x35 35 28 125 149
36x35 55 70 87 28
37x35 88 111 39 70
38x35 136 101 45 111
39x35 124 127 151 101
40x35 30 118 95 127
41x35 139 47 152 118
42x35 121 67 3 47
43x35 89 83 89 67
44x35 128 8 87 83
45x35 53 91 5 8
46x35 97 94 146 91
47x35 111 42 107 94
48x35 150 44 148 42
49x35 54 142 105 44
00x36 87 104 36 128
01x36 156 21 62 104
02x36 53 65 47 21
03x36 76 92 153 65
04x36 104 76 108 92
05x36 11 18 148 76
06x36 20 63 64 18
07x36 29 104 107 63
08x36 129 110 4 104
09x36 3 96 151 110
10x36 29 124 117 96
11x36 91 159 107 124
12x36 37 103 148 159
13x36 108 152 151 103
14x36 62 141 106 152
15x36 93 103 18 141
16x36 75 84 47 103
17x36 22 135 54 84
18x36 29 143 86 135
19x36 85 132 98 143
20x36 77 158 47 132
21x36 40 47 11 158
22x36 107 152 105 47
23x36 152 98 44 152
24x36 16 92 81 98
25x36 114 155 71 92
26x36 65 58 146 155
27x36 98 144 69 58
28x36 96 123 20 144
29x36 108 83 144 123
30x36 131 7 91 83
31x36 140 129 106 7
32x36 4 12 15 129
33x36 60 42 58 12
34x36 123 4 24 42
35x36 125 146 9 4
36x36 87 85 106 146
37x36 39 57 11 85
38x36 45 62 116 57
39x36 151 144 155 62
40x36 95 124 46 144
41x36 152 132 159 124
42x36 3 85 108 132
43x36 89 16 137 85
44x36 87 102 72 16
45x36 5 48 125 102
46x36 146 52 41 48
47x36 107 118 88 52
48x36 148 52 124 118
49x36 105 82 144 52
00x37 36 12 34 90
01x37 62 111 85 12
02x37 47 14 24 111
03x37 153 132 67 14
04x37 108 58 66 132
05x37 148 154 25 58
06x37 64 92 80 154
07x37 107 57 29 92
08x37 4 5 101 57
09x37 151 4 95 5
10x37 117 115 141 4
11x37 107 159 6 115
12x37 148 85 79 159
13x37 151 92 101 85
14x37 106 35 51 92
15x37 18 89 102 35
16x37 47 35 21 89
17x37 54 130 33 35
18x37 86 137 121 130
19x37 98 71 49 137
20x37 47 22 112 71
21x37 11 72 98 22
22x37 105 10 67 72
23x37 44 123 5 10
24x37 81 21 159 123
25x37 71 6 158 21
26x37 146 29 105 6
27x37 69 20 54 29
28x37 20 156 160 20
29x37 144 84 37 156
30x37 91 49 140 84
31x37 106 36 37 49
32x37 15 104 85 36
33x37 58 154 3 104
34x37 24 85 27 154
35x37 9 135 15 85
36x37 106 92 23 135
37x37 11 68 121 92
38x37 116 47 60 68
39x37 155 110 5 47
40x37 46 51 24 110
41x37 159 2 52 51
42x37 108 149 148 2
43x37 137 65 82 149
44x37 72 138 52 65
45x37 125 16 122 138
46x37 41 96 61 16
47x37 88 88 89 96
48x37 124 104 119 88
49x37 144 36 72 104
00x38 34 0 137 22
01x38 85 124 109 0
02x38 24 154 136 124
03x38 67 25 79 154
04x38 66 53 118 25
05x38 25 104 116 53
06x38 80 11 31 104
07x38 29 4 90 11
08x38 101 146 33 4
09x38 95 121 42 146
10x38 141 119 39 121
11x38 6 81 54 119
12x38 79 129 14 81
13x38 101 117 52 129
14x38 51 126 30 117
15x38 102 44 101 126
16x38 21 140 92 44
17x38 33 131 61 140
18x38 121 44 132 131
19x38 49 48 58 44
20x38 112 153 100 48
21x38 98 93 34 153
22x38 67 79 101 93
23x38 5 130 16 79
24x38 159 111 8 130
25x38 158 122 21 111
26x38 105 18 114 122
27x38 54 95 139 18
28x38 160 21 136 95
29x38 37 77 46 21
30x38 140 50 76 77
31x38 37 44 0 50
32x38 85 158 158 44
33x38 3 91 74 158
34x38 27 96 127 91
35x38 15 97 28 96
36x38 23 9 133 97
37x38 121 100 6 9
38x38 60 120 93 100
39x38 5 99 47 120
40x38 24 14 126 99
41x38 52 138 43 14
42x38 148 144 117 138
43x38 82 142 19 144
44x38 52 153 26 142
45x38 122 122 155 153
46x38 61 121 38 122
47x38 89 72 60 121
48x38 119 143 136 72
49x38 72 143 5 143
00x39 137 23 160 130
01x39 109 77 30 23
02x39 136 136 28 77
03x39 79 61 160 136
04x39 118 3 121 61
05x39 116 58 102 3
06x39 31 23 159 58
07x39 90 116 91 23
08x39 33 160 103 116
09x39 42 102 106 160
10x39 39 37 158 102
11x39 54 111 90 37
12x39 14 38 106 111
13x39 52 20 22 38
14x39 30 125 1 20
15x39 101 65 42 125
16x39 92 156 79 65
17x39 61 127 127 156
18x39 132 68 56 127
19x39 58 137 27 68
20x39 100 59 128 137
21x39 34 61 51 59
22x39 101 91 105 61
23x39 16 157 40 91
24x39 8 151 150 157
25x39 21 83 116 151
26x39 114 25 17 83
27x39 139 55 24 25
28x39 136 126 86 55
29x39 46 156 29 126
30x39 76 66 49 156
31x39 0 17 152 66
32x39 158 59 153 17
33x39 74 58 19 59
34x39 127 93 26 58
35x39 28 13 157 93
36x39 133 54 31 13
37x39 6 106 5 54
38x39 93 46 117 106
39x39 47 20 29 46
40x39 126 147 0 20
41x39 43 81 23 147
42x39 117 140 17 81
43x39 19 139 88 140
44x39 26 14 83 139
45x39 155 94 35 14
46x39 38 78 76 94
47x39 60 92 41 78
48x39 136 43 41 92
49x39 5 140 60 43
00x40 160 78 23 34
01x40 30 90 32 78
02x40 28 158 138 90
03x40 160 75 132 158
04x40 121 66 159 75
05x40 102 102 34 66
06x40 159 152 138 102
07x40 91 57 130 152
08x40 103 39 105 57
09x40 106 13 44 39
10x40 158 101 11 13
11x40 90 109 116 101
12x40 106 129 100 109
13x40 22 109 30 129
14x40 1 9 116 109
15x40 42 79 84 9
16x40 79 149 56 79
17x40 127 40 67 149
18x40 56 20 124 40
19x40 27 13 102 20
20x40 128 75 73 13
21x40 51 50 1 75
22x40 105 39 76 50
23x40 40 82 47 39
24x40 150 26 127 82
25x40 116 81 69 26
26x40 17 66 135 81
27x40 24 19 2 66
28x40 86 33 98 19
29x40 29 129 112 33
30x40 49 126 13 129
31x40 152 110 24 126
32x40 153 33 139 110
33x40 19 98 103 33
34x40 26 86 105 98
35x40 157 63 87 86
36x40 31 89 54 63
37x40 5 98 122 89
38x40 117 26 20 98
39x40 29 107 3 26
40x40 0 132 84 107
41x40 23 146 31 132
42x40 17 32 160 146
43x40 88 18 53 32
44x40 83 62 31 18
45x40 35 40 141 62
46x40 76 6 69 40
47x40 41 119 69 6
48x40 41 5 85 119
49x40 60 136 131 5
00x41 23 139 90 83
01x41 32 5 21 139
02x41 138 86 98 5
03x41 132 143 4 86
04x41 159 92 103 143
05x41 34 47 98 92
06x41 138 131 31 47
07x41 130 103 85 131
08x41 105 9 74 103
09x41 44 69 74 9
10x41 11 43 36 69
11x41 116 56 108 43
12x41 100 54 133 56
13x41 30 80 69 54
14x41 116 69 114 80
15x41 84 45 154 69
16x41 56 24 9 45
17x41 67 153 23 24
18x41 124 67 30 153
19x41 102 13 148 67
20x41 73 139 97 13
21x41 1 46 136 139
22x41 76 91 119 46
23x41 47 1 83 91
24x41 127 7 117 1
25x41 69 116 82 7
26x41 135 152 1 116
27x41 2 0 155 152
28x41 98 74 74 0
29x41 112 112 129 74
30x41 13 7 127 112
31x41 24 0 57 7
32x41 139 140 125 0
33x41 103 107 62 140
34x41 105 83 81 107
35x41 87 126 109 83
36x41 54 44 155 126
37x41 122 90 142 44
38x41 20 123 55 90
39x41 3 90 98 123
40x41 84 151 54 90
41x41 31 67 97 151
42x41 160 93 27 67
43x41 53 144 149 93
44x41 31 36 159 144
45x41 141 114 55 36
46x41 69 96 122 114
47x41 69 73 25 96
48x41 85 105 144 73
49x41 131 17 21 105
00x42 90 69 144 8
01x42 21 55 46 69
02x42 98 42 75 55
03x42 4 82 52 42
04x42 103 52 151 82
05x42 98 64 67 52
06x42 31 56 35 64
07x42 85 15 71 56
08x42 74 43 52 15
09x42 74 63 76 43
10x42 36 64 87 63
11x42 108 79 85 64
12x42 133 125 29 79
13x42 69 15 68 125
14x42 114 37 9 15
15x42 154 38 47 37
16x42 9 60 27 38
17x42 23 40 8 60
18x42 30 57 135 40
19x42 148 158 49 57
20x42 97 108 9 158
21x42 136 77 3 108
22x42 119 134 50 77
23x42 83 17 73 134
24x42 117 47 43 17
25x42 82 24 24 47
26x42 1 72 140 24
27x42 155 156 26 72
28x42 74 153 69 156
29x42 129 118 84 153
30x42 127 68 25 118
31x42 57 59 91 68
32x42 125 14 96 59
33x42 62 91 123 14
34x42 81 108 86 91
35x42 109 102 38 108
36x42 155 118 76 102
37x42 142 138 16 118
38x42 55 116 133 138
39x42 98 91 61 116
40x42 54 54 107 91
41x42 97 76 47 54
42x42 27 137 87 76
43x42 149 156 156 137
44x42 159 32 60 156
45x42 55 86 76 32
46x42 122 130 141 86
47x42 25 150 73 130
48x42 144 112 120 150
49x42 21 52 61 112
00x43 144 48 96 45
01x43 46 86 66 48
02x43 75 114 82 86
03x43 52 35 126 114
04x43 151 120 133 35
05x43 67 80 94 120
06x43 35 4 129 80
07x43 71 60 84 4
08x43 52 13 150 60
09x43 76 24 30 13
10x43 87 107 28 24
11x43 85 7 33 107
12x43 29 9 146 7
13x43 68 137 72 9
14x43 9 53 13 137
15x43 47 6 22 53
16x43 27 6 114 6
17x43 8 56 116 6
18x43 135 153 99 56
19x43 49 19 83 153
20x43 9 8 41 19
21x43 3 74 33 8
22x43 50 53 36 74
23x43 73 4 141 53
24x43 43 10 107 4
25x43 24 37 20 10
26x43 140 0 106 37
27x43 26 64 112 0
28x43 69 13 139 64
29x43 84 92 93 13
30x43 25 81 46 92
31x43 91 139 79 81
32x43 96 105 29 139
33x43 123 23 153 105
34x43 86 40 3 23
35x43 38 150 154 40
36x43 76 156 60 150
37x43 16 57 51 156
38x43 133 65 44 57
39x43 61 23 157 65
40x43 107 128 120 23
41x43 47 89 113 128
42x43 87 7 71 89
43x43 156 132 61 7
44x43 60 28 146 132
45x43 76 104 126 28
46x43 141 1 105 104
47x43 73 68 103 1
48x43 120 12 86 68
49x43 61 38 2 12
00x44 96 110 13 116
01x44 66 89 64 110
02x44 82 92 110 89
03x44 126 71 59 92
04x44 133 19 75 71
05x44 94 39 152 19
06x44 129 29 74 39
07x44 84 17 24 29
08x44 150 64 52 17
09x44 30 76 45 64
10x44 28 105 140 76
11x44 33 117 18 105
12x44 146 160 116 117
13x44 72 56 17 160
14x44 13 1 41 56
15x44 22 45 131 1
16x44 114 48 74 45
17x44 116 157 30 48
18x44 99 37 50 157
19x44 83 141 152 37
20x44 41 37 105 141
21x44 33 71 64 37
22x44 36 33 25 71
23x44 141 138 119 33
24x44 107 36 102 138
25x44 20 66 100 36
26x44 106 153 57 66
27x44 112 55 146 153
28x44 139 85 1 55
29x44 93 141 122 85
30x44 46 89 95 141
31x44 79 123 89 89
32x44 29 19 128 123
33x44 153 120 112 19
34x44 3 92 113 120
35x44 154 120 146 92
36x44 60 152 21 120
37x44 51 137 123 152
38x44 44 144 137 137
39x44 157 82 12 144
40x44 120 153 30 82
41x44 113 130 126 153
42x44 71 74 111 130
43x44 61 44 111 74
44x44 146 43 106 44
45x44 126 77 160 43
46x44 105 71 120 77
47x44 103 47 5 71
48x44 86 79 109 47
49x44 2 57 39 79
00x45 13 113 102 81
01x45 64 101 64 113
02x45 110 149 9 101
03x45 59 70 45 149
04x45 75 101 97 70
05x45 152 24 2 101
06x45 74 95 33 24
07x45 24 123 101 95
08x45 52 26 39 123
09x45 45 156 15 26
10x45 140 82 151 156
11x45 18 65 68 82
12x45 116 67 8 65
13x45 17 159 98 67
14x45 41 16 134 159
15x45 131 76 76 16
16x45 74 46 8 76
17x45 30 54 128 46
18x45 50 139 67 54
19x45 152 57 56 139
20x45 105 53 5 57
21x45 64 60 69 53
22x45 25 137 59 60
23x45 119 148 108 137
24x45 102 114 111 148
25x45 100 113 26 114
26x45 57 140 48 113
27x45 146 69 17 140
28x45 1 120 160 69
29x45 122 56 7 120
30x45 95 154 76 56
31x45 89 7 72 154
32x45 128 100 17 7
33x45 112 12 81 100
34x45 113 49 107 12
35x45 146 140 75 49
36x45 21 13 50 140
37x45 123 82 14 13
38x45 137 106 86 82
39x45 12 35 23 106
40x45 30 4 148 35
41x45 126 73 34 4
42x45 111 153 55 73
43x45 111 44 150 153
44x45 106 72 130 44
45x45 160 15 128 72
46x45 120 80 152 15
47x45 5 83 63 80
48x45 109 4 155 83
49x45 39 36 68 4
00x46 102 115 36 55
01x46 64 91 100 115
02x46 9 99 2 91
03x46 45 108 23 99
04x46 97 64 15 108
05x46 2 135 55 64
06x46 33 147 52 135
07x46 101 5 14 147
08x46 39 22 62 5
09x46 15 12 122 22
10x46 151 51 118 12
11x46 68 30 155 51
12x46 8 117 58 30
13x46 98 8 42 117
14x46 134 133 34 8
15x46 76 57 125 133
16x46 8 147 119 57
17x46 128 22 1 147
18x46 67 126 34 22
19x46 56 84 26 126
20x46 5 156 53 84
21x46 69 153 152 156
22x46 59 5 149 153
23x46 108 35 135 5
24x46 111 159 130 35
25x46 26 8 127 159
26x46 48 148 79 8
27x46 17 35 34 148
28x46 160 138 44 35
29x46 7 102 63 138
30x46 76 125 130 102
31x46 72 149 142 125
32x46 17 60 93 149
33x46 81 129 136 60
34x46 107 50 129 129
35x46 75 128 85 50
36x46 50 120 76 128
37x46 14 63 147 120
38x46 86 23 142 63
39x46 23 37 63 23
40x46 148 34 117 37
41x46 34 105 17 34
42x46 55 109 79 105
43x46 150 16 36 109
44x46 130 23 69 16
45x46 128 83 69 23
46x46 152 143 97 83
47x46 63 142 154 143
48x46 155 0 147 142
49x46 68 47 128 0
00x47 36 30 159 65
01x47 100 14 151 30
02x47 2 36 70 14
03x47 23 110 34 36
04x47 15 154 128 110
05x47 55 48 114 154
06x47 52 104 12 48
07x47 14 140 38 104
08x47 62 21 154 140
09x47 122 136 34 21
10x47 118 36 117 136
11x47 155 77 49 36
12x47 58 23 1 77
13x47 42 108 45 23
14x47 34 144 11 108
15x47 125 115 74 144
16x47 119 40 118 115
17x47 1 36 60 40
18x47 34 104 137 36
19x47 26 130 85 104
20x47 53 82 148 130
21x47 152 87 41 82
22x47 149 109 104 87
23x47 135 101 24 109
24x47 130 60 50 101
25x47 127 92 43 60
26x47 79 78 117 92
27x47 34 40 136 78
28x47 44 86 115 40
29x47 63 124 95 86
30x47 130 144 38 124
31x47 142 109 113 144
32x47 93 57 33 109
33x47 136 115 137 57
34x47 129 66 103 115
35x47 85 47 15 66
36x47 76 146 2 47
37x47 147 13 108 146
38x47 142 16 155 13
39x47 63 121 118 16
40x47 117 145 116 121
41x47 17 138 128 145
42x47 79 99 93 138
43x47 36 45 22 99
44x47 69 51 35 45
45x47 69 68 79 51
46x47 97 125 136 68
47x47 154 10 55 125
48x47 147 73 117 10
49x47 128 56 154 73
00x48 159 60 129 140
01x48 151 47 81 60
02x48 70 7 43 47
03x48 34 84 125 7
04x48 128 55 82 84
05x48 114 16 26 55
06x48 12 73 28 16
07x48 38 145 110 73
08x48 154 43 136 145
09x48 34 139 106 43
10x48 117 135 36 139
11x48 49 17 72 135
12x48 1 17 156 17
13x48 45 10 86 17
14x48 11 70 145 10
15x48 74 83 111 70
16x48 118 18 56 83
17x48 60 107 5 18
18x48 137 50 8 107
19x48 85 160 27 50
20x48 148 63 26 160
21x48 41 111 103 63
22x48 104 13 20 111
23x48 24 12 142 13
24x48 50 62 38 12
25x48 43 32 116 62
26x48 117 87 116 32
27x48 136 81 40 87
28x48 115 37 86 81
29x48 95 103 123 37
30x48 38 120 78 103
31x48 113 78 24 120
32x48 33 7 14 78
33x48 137 122 132 7
34x48 103 2 85 122
35x48 15 13 87 2
36x48 2 51 25 13
37x48 108 11 120 51
38x48 155 140 8 11
39x48 118 99 133 140
40x48 116 89 45 99
41x48 128 54 55 89
42x48 93 31 154 54
43x48 22 72 66 31
44x48 35 20 43 72
45x48 79 93 41 20
46x48 136 151 123 93
47x48 55 87 18 151
48x48 117 35 7 87
49x48 154 119 65 35
00x49 129 82 156 130
01x49 81 156 38 82
02x49 43 95 44 156
03x49 125 84 99 95
04x49 82 160 55 84
05x49 26 84 108 160
06x49 28 119 117 84
07x49 110 1 6 119
08x49 136 112 76 1
09x49 106 28 109 112
10x49 36 42 61 28
11x49 72 158 127 42
12x49 156 110 121 158
13x49 86 18 46 110
14x49 145 113 30 18
15x49 111 137 75 113
16x49 56 142 43 137
17x49 5 12 106 142
18x49 8 40 153 12
19x49 27 14 5 40
20x49 26 138 61 14
21x49 103 80 44 138
22x49 20 132 99 80
23x49 142 60 2 132
24x49 38 96 112 60
25x49 116 159 120 96
26x49 116 59 144 159
27x49 40 120 156 59
28x49 86 62 120 120
29x49 123 100 121 62
30x49 78 83 138 100
31x49 24 57 50 83
32x49 14 16 104 57
33x49 132 92 57 16
34x49 85 86 93 92
35x49 87 91 0 86
36x49 25 101 111 91
37x49 120 75 0 101
38x49 8 80 119 75
39x49 133 119 62 80
40x49 45 125 128 119
41x49 55 22 31 125
42x49 154 108 106 22
43x49 66 96 48 108
44x49 43 150 7 96
45x49 41 112 23 150
46x49 123 85 101 112
47x49 18 100 81 85
48x49 7 111 107 100
49x49 65 104 91 111
